Latent Space Dimension = 6
0.06874949, 0.06488202, 0.056309942, 0.04862005, 0.038047012, 0.033939168, 0.031718068, 0.030324828, 0.029240154, 0.028539086, 0.027784478, 0.027206417, 0.026765227, 0.02627701, 0.025777822, 0.025571272, 0.025130646, 0.024832325, 0.024722334, 0.024392443, 0.024164444, 0.023879409, 0.023596115, 0.023734076, 0.023548083, 0.023237249, 0.023145467, 0.023107892, 0.022989599, 0.022875832, 0.022890123, 0.023078263, 0.022517275, 0.022588134, 0.022480126, 0.022390846, 0.022329114, 0.022155052, 0.022397257, 0.02214406, 0.022014515, 0.02200171, 0.021974193, 0.021843169, 0.021882184, 0.02190907, 0.021809325, 0.021651193, 0.02175995, 0.021577738

Latent Space Dimension = 2
0.08029185, 0.064561285, 0.059424337, 0.05690269, 0.05449929, 0.05338847, 0.052507598, 0.05179157, 0.05117891, 0.050035503, 0.049095105, 0.048351787, 0.047558013, 0.047095194, 0.04642837, 0.04619692, 0.045770783, 0.04581409, 0.044916727, 0.04465849, 0.04444258, 0.044342812, 0.044166774, 0.043607462, 0.04315558, 0.043063276, 0.042600308, 0.042460095, 0.04257862, 0.042062268, 0.041943952, 0.041754026, 0.04144037, 0.041302796, 0.041058157, 0.041206617, 0.040779408, 0.040584635, 0.040758926, 0.04042816, 0.04040926, 0.040428285, 0.040107623, 0.040191915, 0.039882664, 0.039959, 0.039928522, 0.039680652, 0.03986221, 0.039652407

Latent Space Dimension = 4
0.073366754, 0.06262472, 0.053079415, 0.04568229, 0.04147592, 0.038755402, 0.037215725, 0.03604888, 0.035006095, 0.034221057, 0.03351291, 0.032895878, 0.03238382, 0.032228, 0.031708095, 0.031316392, 0.031259317, 0.031377435, 0.03062026, 0.030554084, 0.030295027, 0.030187579, 0.030141601, 0.03000349, 0.029886458, 0.029808057, 0.029590143, 0.029564504, 0.029407667, 0.029345378, 0.029183218, 0.029162548, 0.02907036, 0.028876463, 0.028871475, 0.028863195, 0.028794207, 0.028647088, 0.028538711, 0.02841407, 0.028547602, 0.028557053, 0.028756605, 0.028455405, 0.028233198, 0.028267507, 0.028311325, 0.028169276, 0.028433364, 0.028040068

Latent Space Dimension = 8
0.06890136, 0.061683137, 0.050667044, 0.039886273, 0.033567254, 0.029512687, 0.026793253, 0.025399785, 0.024425915, 0.023587234, 0.023037558, 0.022539712, 0.022176594, 0.022003876, 0.021767305, 0.021394225, 0.021100484, 0.020933745, 0.020740777, 0.020467108, 0.020579305, 0.020124402, 0.020118719, 0.019939274, 0.019795379, 0.019686919, 0.01969644, 0.01949892, 0.01920424, 0.019181008, 0.019057307, 0.019066649, 0.018986681, 0.018937252, 0.018802758, 0.01862477, 0.01872162, 0.018551053, 0.018389117, 0.018446254, 0.018332683, 0.018114284, 0.0181205, 0.01811698, 0.018076465, 0.01795339, 0.018148398, 0.017797496, 0.017856533, 0.017686237

Latent Space Dimension = 10
0.06754204, 0.063102104, 0.05188374, 0.041347783, 0.03189354, 0.029122654, 0.026449015, 0.023826264, 0.021706961, 0.020555489, 0.019869896, 0.019364413, 0.018715434, 0.018328555, 0.01793281, 0.017701587, 0.01734363, 0.017274063, 0.016831666, 0.016755624, 0.016511196, 0.01627469, 0.016315352, 0.016138492, 0.015897164, 0.015859185, 0.015690789, 0.015700473, 0.015569439, 0.015568623, 0.015402479, 0.015316235, 0.015417217, 0.015251246, 0.015213221, 0.015146137, 0.015026656, 0.014948609, 0.01492486, 0.014887527, 0.014769719, 0.014729467, 0.014680048, 0.014750477, 0.014627487, 0.0145202605, 0.014529195, 0.014415649, 0.014689868, 0.014441221

